734,166,792,166,792,198,734,198
933,166,1001,166,1001,198,933,198
1093,174,1195,162,1200,199,1097,211
1262,164,1386,171,1384,208,1260,202
354,170,419,170,419,202,354,202
708,173,737,173,737,195,708,195
1009,173,1030,173,1030,202,1009,202
1038,170,1092,170,1092,202,1038,202
1237,173,1255,173,1255,202,1237,202
1389,170,1446,170,1446,202,1389,202
1454,173,1522,173,1522,206,1454,206
933,206,1025,211,1023,250,931,245
1092,209,1146,209,1146,245,1092,245
1148,214,1250,206,1253,245,1151,253
1302,208,1422,214,1421,252,1300,246
1027,213,1088,213,1088,245,1027,245
1251,220,1273,220,1273,245,1251,245
213,256,289,256,289,292,213,292
292,264,365,264,365,289,292,289
365,260,415,260,415,289,365,289
419,264,484,264,484,289,419,289
481,296,546,296,546,336,481,336
213,300,274,300,274,332,213,332
350,300,408,300,408,332,350,332
618,300,669,300,669,336,618,336
831,300,900,300,900,332,831,332
1150,300,1186,300,1186,336,1150,336
1334,303,1457,303,1457,332,1334,332
278,303,350,303,350,340,278,340
413,300,483,307,480,342,409,335
550,301,620,307,618,341,547,335
672,303,719,303,719,336,672,336
727,307,788,307,788,332,727,332
788,303,828,303,828,336,788,336
983,307,1030,307,1030,332,983,332
1034,303,1106,303,1106,336,1034,336
1110,303,1146,303,1146,332,1110,332
1193,307,1269,307,1269,332,1193,332
1273,303,1327,303,1327,332,1273,332
904,311,980,311,980,340,904,340
379,343,448,343,448,379,379,379
213,347,267,347,267,379,213,379
267,347,340,347,340,379,267,379
340,347,379,347,379,379,340,379
314,387,419,387,419,426,314,426
987,387,1048,387,1048,426,987,426
1143,391,1196,384,1200,418,1147,425
214,384,314,394,310,432,210,422
481,390,520,390,520,423,481,423
524,390,575,390,575,423,524,423
578,390,643,390,643,426,578,426
647,390,755,390,755,430,647,430
759,390,817,390,817,423,759,423
824,394,871,394,871,423,824,423
878,394,926,394,926,426,878,426
1053,384,1149,394,1145,432,1049,422
1197,390,1255,390,1255,423,1197,423
1258,390,1305,390,1305,423,1258,423
1309,390,1378,390,1378,423,1309,423
1385,394,1446,394,1446,423,1385,423
426,397,477,397,477,423,426,423
929,394,983,394,983,423,929,423
1450,397,1522,397,1522,430,1450,430
253,430,303,430,303,466,253,466
730,430,777,430,777,466,730,466
918,430,983,430,983,466,918,466
1128,430,1164,430,1164,466,1128,466
463,434,538,434,538,470,463,470
598,428,690,438,686,476,594,466
777,434,850,434,850,466,777,466
850,434,918,434,918,473,850,473
1063,434,1124,434,1124,466,1063,466
1168,434,1229,434,1229,466,1168,466
1233,434,1316,434,1316,466,1233,466
307,439,409,445,408,474,306,469
542,441,593,441,593,466,542,466
991,441,1059,441,1059,466,991,466
217,444,253,444,253,466,217,466
412,444,463,444,463,470,412,470
694,444,730,444,730,466,694,466
213,471,348,475,346,514,212,509
350,473,415,473,415,510,350,510
419,477,513,477,513,517,419,517
520,517,585,517,585,557,520,557
940,517,1023,517,1023,557,940,557
211,524,306,518,309,557,214,563
354,520,412,520,412,557,354,557
593,520,643,520,643,557,593,557
651,520,835,520,835,557,651,557
1027,520,1085,520,1085,557,1027,557
1300,522,1424,517,1426,553,1302,558
314,528,350,528,350,553,314,553
419,524,459,524,459,557,419,557
459,528,516,522,520,556,463,562
846,528,878,528,878,553,846,553
886,528,936,528,936,557,886,557
1171,528,1229,528,1229,553,1171,553
1237,528,1294,528,1294,553,1237,553
1436,528,1468,528,1468,553,1436,553
1475,528,1526,528,1526,557,1475,557
1096,535,1164,535,1164,560,1096,560
828,560,911,560,911,600,828,600
470,564,517,564,517,600,470,600
641,567,715,561,718,600,643,605
217,571,340,571,340,600,217,600
343,567,412,567,412,600,343,600
412,565,469,572,465,606,409,600
517,567,557,567,557,604,517,604
560,567,640,567,640,600,560,600
719,571,770,571,770,600,719,600
777,575,824,575,824,600,777,600
214,605,314,615,310,652,211,643
315,607,390,615,386,653,311,645
444,611,502,611,502,647,444,647
688,609,761,615,758,649,685,644
875,611,915,611,915,643,875,643
390,618,444,618,444,643,390,643
502,614,546,614,546,643,502,643
551,611,631,621,627,653,547,643
629,614,687,614,687,643,629,643
759,614,813,614,813,643,759,643
821,618,871,618,871,643,821,643
212,655,365,649,366,689,213,694
372,651,448,651,448,690,372,690
452,654,502,654,502,690,452,690
510,654,611,654,611,690,510,690
614,654,741,654,741,690,614,690
213,694,274,694,274,730,213,730
752,694,799,694,799,730,752,730
991,694,1048,694,1048,730,991,730
1302,694,1345,694,1345,730,1302,730
1461,694,1526,694,1526,730,1461,730
485,695,561,706,556,740,480,730
559,700,748,695,749,730,560,735
951,698,987,698,987,730,951,730
1097,694,1171,702,1167,740,1093,731
1171,698,1237,698,1237,730,1171,730
278,701,343,701,343,734,278,734
430,701,477,701,477,730,430,730
806,701,853,701,853,730,806,730
859,705,943,699,946,734,861,740
1052,701,1092,701,1092,730,1052,730
1244,701,1298,701,1298,734,1244,734
1349,701,1414,701,1414,734,1349,734
1417,701,1457,701,1457,734,1417,734
347,705,423,705,423,737,347,737
1309,737,1385,737,1385,774,1309,774
213,745,278,745,278,774,213,774
453,749,541,742,544,777,456,784
546,745,578,745,578,777,546,777
643,748,712,748,712,774,643,774
718,740,795,750,790,784,713,774
853,743,910,749,906,783,850,777
918,748,987,748,987,774,918,774
992,744,1065,753,1062,783,989,775
1067,745,1139,745,1139,777,1067,777
1141,749,1229,742,1232,777,1144,784
1237,745,1305,745,1305,777,1237,777
1389,745,1497,745,1497,781,1389,781
289,752,361,752,361,781,289,781
372,752,452,752,452,781,372,781
796,756,849,750,852,777,799,783
585,755,636,755,636,781,585,781
213,788,358,788,358,824,213,824
358,783,576,796,574,834,356,821
573,792,661,786,664,821,575,827
669,792,698,792,698,824,669,824
698,788,770,788,770,824,698,824
774,795,860,795,860,824,774,824
868,799,911,799,911,821,868,821
658,828,705,828,705,864,658,864
864,828,951,828,951,864,864,864
1247,828,1327,828,1327,864,1247,864
1399,828,1468,828,1468,864,1399,864
214,826,300,837,295,874,210,863
300,831,484,831,484,868,300,868
488,831,535,831,535,864,488,864
618,831,654,831,654,864,618,864
712,835,766,835,766,864,712,864
774,835,821,835,821,864,774,864
959,826,1048,836,1044,873,955,864
1124,831,1186,831,1186,864,1124,864
1193,831,1244,831,1244,864,1193,864
1331,831,1396,831,1396,868,1331,868
1469,835,1525,829,1529,863,1472,870
538,835,611,835,611,868,538,868
831,839,857,839,857,864,831,864
1048,835,1121,835,1121,868,1048,868
1302,868,1341,868,1341,907,1302,907
292,871,365,871,365,907,292,907
368,871,437,871,437,907,368,907
1059,871,1096,871,1096,907,1059,907
437,875,502,875,502,915,437,915
575,875,625,875,625,907,575,907
627,880,715,872,718,907,629,914
719,875,792,875,792,911,719,911
799,878,831,878,831,907,799,907
839,875,893,875,893,907,839,907
901,869,991,879,986,917,897,907
991,875,1052,875,1052,907,991,907
1104,869,1207,879,1204,917,1100,907
1208,875,1298,875,1298,911,1208,911
1345,875,1381,875,1381,907,1345,907
1385,875,1450,875,1450,911,1385,911
217,882,282,882,282,907,217,907
506,878,571,878,571,907,506,907
1454,878,1526,878,1526,911,1454,911
213,915,278,915,278,951,213,951
676,915,716,915,716,951,676,951
318,918,394,918,394,951,318,951
282,922,314,922,314,954,282,954
394,920,455,926,451,960,391,954
455,922,517,922,517,954,455,954
520,922,607,922,607,958,520,958
607,922,672,922,672,954,607,954
860,958,947,958,947,994,860,994
448,962,495,962,495,998,448,998
713,967,823,957,826,995,717,1005
1341,962,1374,962,1374,998,1341,998
1378,965,1421,965,1421,994,1378,994
217,965,408,965,408,998,217,998
412,969,448,969,448,998,412,998
499,965,553,965,553,994,499,994
557,965,611,965,611,998,557,998
614,965,665,965,665,998,614,998
669,965,716,965,716,998,669,998
824,965,857,965,857,998,824,998
954,969,1168,969,1168,998,954,998
1171,969,1341,969,1341,994,1171,994
1425,965,1486,965,1486,994,1425,994
1403,1001,1483,1001,1483,1041,1403,1041
318,1005,423,1005,423,1045,318,1045
214,1002,317,1013,313,1051,210,1040
430,1012,481,1012,481,1041,430,1041
485,1005,560,1013,556,1050,481,1042
564,1009,748,1009,748,1045,564,1045
752,1009,806,1009,806,1041,752,1041
810,1009,853,1009,853,1041,810,1041
857,1009,915,1009,915,1041,857,1041
962,1009,1005,1009,1005,1041,962,1041
1009,1007,1083,1013,1080,1050,1007,1044
1085,1009,1135,1009,1135,1041,1085,1041
1139,1009,1208,1009,1208,1041,1139,1041
1215,1011,1281,1016,1279,1044,1213,1038
1284,1009,1399,1009,1399,1045,1284,1045
1493,1012,1526,1012,1526,1038,1493,1038
926,1016,958,1016,958,1041,926,1041
271,1052,343,1052,343,1085,271,1085
347,1052,401,1052,401,1085,347,1085
463,1056,484,1056,484,1085,463,1085
538,1052,611,1052,611,1088,538,1088
614,1052,680,1052,680,1088,614,1088
217,1056,267,1056,267,1092,217,1092
488,1059,535,1059,535,1085,488,1085
683,1056,759,1056,759,1092,683,1092
759,1056,821,1056,821,1088,759,1088
408,1063,455,1063,455,1088,408,1088
614,1088,712,1088,712,1128,614,1128
1367,1088,1461,1088,1461,1128,1367,1128
217,1092,292,1092,292,1128,217,1128
405,1092,477,1092,477,1128,405,1128
484,1092,611,1092,611,1128,484,1128
719,1092,795,1092,795,1128,719,1128
803,1092,904,1092,904,1128,803,1128
907,1092,973,1092,973,1128,907,1128
1030,1092,1081,1092,1081,1128,1030,1128
1168,1092,1276,1092,1276,1128,1168,1128
1280,1092,1360,1092,1360,1128,1280,1128
296,1096,397,1096,397,1132,296,1132
976,1096,1027,1096,1027,1128,976,1128
1088,1096,1164,1096,1164,1132,1088,1132
835,1135,889,1135,889,1171,835,1171
1258,1135,1313,1135,1313,1171,1258,1171
1381,1135,1443,1135,1443,1171,1381,1171
1446,1135,1526,1135,1526,1171,1446,1171
452,1139,499,1139,499,1171,452,1171
618,1143,676,1143,676,1171,618,1171
677,1133,767,1143,762,1181,673,1171
893,1139,929,1139,929,1171,893,1171
1007,1133,1106,1144,1102,1182,1003,1171
1165,1138,1257,1144,1254,1180,1162,1174
1316,1139,1378,1139,1378,1175,1316,1175
220,1146,408,1146,408,1175,220,1175
415,1146,448,1146,448,1171,415,1171
502,1143,553,1143,553,1179,502,1179
564,1146,614,1146,614,1171,564,1171
766,1143,828,1143,828,1175,766,1175
1106,1143,1161,1143,1161,1171,1106,1171
936,1150,1001,1150,1001,1175,936,1175
1226,1179,1287,1179,1287,1218,1226,1218
1378,1179,1432,1179,1432,1215,1378,1215
766,1182,813,1182,813,1215,766,1215
897,1182,980,1182,980,1215,897,1215
1294,1182,1374,1182,1374,1215,1294,1215
1479,1182,1526,1182,1526,1215,1479,1215
260,1186,296,1186,296,1218,260,1218
305,1187,360,1194,356,1225,301,1218
361,1186,415,1186,415,1218,361,1218
419,1186,491,1186,491,1215,419,1215
495,1186,560,1186,560,1222,495,1222
567,1190,629,1190,629,1218,567,1218
640,1186,719,1186,719,1222,640,1222
727,1190,759,1190,759,1218,727,1218
821,1183,895,1189,893,1224,819,1218
983,1186,1045,1186,1045,1218,983,1218
1053,1182,1128,1190,1124,1224,1049,1216
1128,1186,1222,1186,1222,1222,1128,1222
1439,1186,1475,1186,1475,1218,1439,1218
217,1193,256,1193,256,1218,217,1218
1132,1222,1211,1222,1211,1262,1132,1262
415,1226,466,1226,466,1262,415,1262
633,1226,694,1226,694,1262,633,1262
860,1226,944,1226,944,1262,860,1262
1005,1226,1052,1226,1052,1258,1005,1258
217,1229,271,1229,271,1262,217,1262
271,1228,366,1233,365,1267,269,1262
365,1229,412,1229,412,1262,365,1262
466,1229,502,1229,502,1266,466,1266
506,1229,578,1229,578,1266,506,1266
698,1226,790,1231,788,1267,696,1262
789,1227,863,1232,860,1267,786,1261
947,1229,1001,1229,1001,1262,947,1262
1056,1227,1131,1232,1128,1267,1054,1261
1215,1227,1286,1233,1283,1267,1213,1261
1291,1233,1338,1233,1338,1258,1291,1258
1341,1237,1417,1237,1417,1262,1341,1262
585,1240,622,1240,622,1262,585,1262
600,1266,654,1266,654,1305,600,1305
217,1269,267,1269,267,1305,217,1305
542,1269,600,1269,600,1305,542,1305
755,1269,803,1269,803,1305,755,1305
980,1269,1041,1269,1041,1305,980,1305
271,1273,372,1273,372,1309,271,1309
379,1273,459,1273,459,1305,379,1305
463,1273,538,1273,538,1309,463,1309
661,1273,752,1273,752,1305,661,1305
810,1273,889,1273,889,1305,810,1305
897,1273,973,1273,973,1305,897,1305
499,1313,600,1313,600,1352,499,1352
217,1316,278,1316,278,1349,217,1349
321,1316,394,1316,394,1349,321,1349
399,1310,498,1320,494,1358,395,1348
663,1313,738,1324,733,1358,658,1348
737,1318,925,1313,926,1349,738,1354
985,1321,1070,1314,1073,1349,988,1356
1161,1320,1222,1320,1222,1349,1161,1349
1372,1310,1471,1320,1467,1358,1368,1348
282,1320,318,1320,318,1349,282,1349
611,1323,658,1323,658,1349,611,1349
929,1320,983,1320,983,1349,929,1349
1229,1323,1276,1323,1276,1349,1229,1349
1276,1320,1367,1320,1367,1356,1276,1356
1472,1320,1526,1320,1526,1352,1472,1352
1077,1327,1153,1327,1153,1356,1077,1356
217,1356,307,1356,307,1396,217,1396
944,1356,994,1356,994,1396,944,1396
307,1360,397,1360,397,1392,307,1392
806,1360,878,1360,878,1392,806,1392
1005,1360,1074,1360,1074,1396,1005,1396
1077,1360,1139,1360,1139,1399,1077,1399
1144,1355,1219,1365,1215,1402,1139,1392
1269,1363,1429,1367,1428,1398,1268,1394
1421,1360,1472,1360,1472,1396,1421,1396
398,1360,472,1366,469,1401,395,1395
521,1359,613,1366,611,1401,518,1394
618,1367,651,1367,651,1392,618,1392
654,1360,743,1365,741,1400,653,1396
745,1363,806,1363,806,1396,745,1396
879,1360,946,1366,942,1401,876,1395
1218,1363,1262,1363,1262,1392,1218,1392
477,1370,517,1370,517,1396,477,1396
478,1397,578,1407,574,1448,474,1438
1396,1403,1454,1403,1454,1436,1396,1436
217,1407,278,1407,278,1439,217,1439
282,1407,354,1407,354,1439,282,1439
419,1407,473,1407,473,1439,419,1439
579,1403,657,1411,653,1448,575,1441
661,1410,842,1410,842,1439,661,1439
850,1410,904,1410,904,1439,850,1439
905,1411,993,1404,996,1439,908,1446
998,1407,1052,1407,1052,1439,998,1439
1117,1407,1164,1407,1164,1439,1117,1439
1175,1410,1204,1410,1204,1436,1175,1436
1211,1410,1392,1410,1392,1443,1211,1443
1457,1407,1497,1407,1497,1439,1457,1439
1508,1410,1530,1410,1530,1436,1508,1436
361,1414,412,1414,412,1439,361,1439
1063,1417,1110,1417,1110,1439,1063,1439
459,1446,506,1446,506,1483,459,1483
571,1446,629,1446,629,1483,571,1483
638,1442,716,1453,711,1493,633,1482
817,1446,864,1446,864,1483,817,1483
1171,1446,1237,1446,1237,1483,1171,1483
368,1454,405,1454,405,1483,368,1483
415,1454,452,1454,452,1483,415,1483
517,1450,564,1450,564,1483,517,1483
719,1450,759,1450,759,1483,719,1483
770,1450,806,1450,806,1483,770,1483
875,1450,929,1450,929,1490,875,1490
940,1454,983,1454,983,1483,940,1483
991,1450,1041,1450,1041,1483,991,1483
1302,1450,1374,1450,1374,1483,1302,1483
1381,1450,1446,1450,1446,1486,1381,1486
1454,1447,1529,1453,1526,1488,1451,1482
217,1454,292,1454,292,1490,217,1490
303,1457,358,1457,358,1483,303,1483
1052,1457,1103,1457,1103,1483,1052,1483
1117,1457,1164,1457,1164,1483,1117,1483
1247,1457,1294,1457,1294,1486,1247,1486
216,1495,401,1491,402,1526,217,1531
405,1493,444,1493,444,1526,405,1526
445,1497,512,1491,515,1526,448,1531
723,1493,766,1493,766,1526,723,1526
513,1497,604,1497,604,1533,513,1533
611,1501,661,1501,661,1526,611,1526
669,1504,719,1504,719,1526,669,1526
354,1533,426,1533,426,1573,354,1573
434,1533,571,1533,571,1573,434,1573
217,1537,347,1537,347,1569,217,1569
502,1577,585,1577,585,1613,502,1613
591,1571,683,1581,679,1622,587,1613
217,1578,303,1588,299,1623,213,1612
305,1575,381,1586,375,1623,299,1612
962,1580,1117,1580,1117,1616,962,1616
1124,1584,1323,1584,1323,1613,1124,1613
383,1584,441,1584,441,1613,383,1613
452,1587,499,1587,499,1613,452,1613
690,1587,759,1587,759,1613,690,1613
764,1578,857,1588,853,1622,760,1612
864,1587,958,1587,958,1613,864,1613
1367,1587,1399,1587,1399,1613,1367,1613
1407,1587,1457,1587,1457,1613,1407,1613
1465,1581,1532,1588,1529,1622,1461,1615
217,1627,264,1627,264,1656,217,1656
264,1626,341,1631,339,1665,262,1659
340,1627,397,1627,397,1663,340,1663
401,1631,452,1631,452,1660,401,1660
452,1627,647,1627,647,1663,452,1663
1162,1661,1239,1667,1236,1709,1158,1703
304,1664,378,1670,375,1708,301,1703
444,1667,524,1667,524,1703,444,1703
529,1661,621,1671,616,1713,525,1702
1363,1667,1446,1667,1446,1707,1363,1707
217,1667,299,1675,296,1712,214,1704
379,1671,441,1671,441,1703,379,1703
690,1671,727,1671,727,1703,690,1703
730,1671,813,1671,813,1703,730,1703
983,1671,1020,1671,1020,1703,983,1703
1023,1674,1077,1674,1077,1703,1023,1703
1085,1671,1157,1671,1157,1707,1085,1707
1240,1671,1276,1671,1276,1703,1240,1703
1450,1674,1530,1674,1530,1703,1450,1703
625,1678,687,1678,687,1703,625,1703
824,1678,857,1678,857,1703,824,1703
863,1682,980,1677,981,1708,864,1713
1284,1674,1360,1674,1360,1707,1284,1707
1018,1706,1093,1716,1087,1756,1013,1746
1097,1706,1172,1716,1166,1757,1091,1746
256,1718,331,1708,336,1746,261,1756
336,1714,390,1714,390,1747,336,1747
398,1712,473,1720,469,1756,394,1748
658,1714,842,1714,842,1750,658,1750
857,1709,954,1718,950,1756,854,1746
958,1718,1012,1718,1012,1747,958,1747
1171,1714,1229,1714,1229,1747,1171,1747
1237,1714,1421,1714,1421,1750,1237,1750
1425,1714,1475,1714,1475,1747,1425,1747
1479,1714,1530,1714,1530,1747,1479,1747
220,1721,256,1721,256,1747,220,1747
473,1718,535,1718,535,1750,473,1750
542,1718,596,1718,596,1750,542,1750
604,1721,651,1721,651,1747,604,1747
217,1754,300,1754,300,1790,217,1790
305,1748,394,1758,389,1800,301,1790
600,1754,683,1754,683,1790,600,1790
873,1750,948,1758,943,1799,868,1791
947,1754,1030,1754,1030,1790,947,1790
1036,1748,1125,1758,1120,1800,1031,1790
470,1757,520,1757,520,1790,470,1790
524,1757,596,1757,596,1797,524,1797
800,1760,867,1755,870,1790,803,1795
1193,1761,1215,1761,1215,1790,1193,1790
1247,1761,1269,1761,1269,1790,1247,1790
1263,1768,1320,1751,1330,1786,1273,1802
1327,1761,1403,1761,1403,1790,1327,1790
1407,1757,1454,1757,1454,1790,1407,1790
1459,1752,1534,1764,1529,1800,1454,1789
730,1765,799,1765,799,1790,730,1790
1128,1765,1190,1765,1190,1790,1128,1790
1218,1765,1244,1765,1244,1786,1218,1786
397,1768,466,1768,466,1794,397,1794
690,1768,723,1768,723,1794,690,1794
817,1797,900,1797,900,1841,817,1841
965,1797,1001,1797,1001,1833,965,1833
1135,1797,1175,1797,1175,1833,1135,1833
217,1801,415,1801,415,1837,217,1837
670,1796,762,1805,758,1843,666,1833
759,1801,817,1801,817,1841,759,1841
900,1801,962,1801,962,1837,900,1837
1085,1804,1135,1804,1135,1833,1085,1833
466,1804,535,1804,535,1837,466,1837
535,1804,589,1804,589,1837,535,1837
593,1802,668,1807,665,1842,591,1837
1006,1807,1079,1812,1077,1839,1004,1834
415,1808,463,1808,463,1841,415,1841
267,1841,321,1841,321,1884,267,1884
607,1841,654,1841,654,1880,607,1880
1063,1836,1140,1847,1134,1891,1056,1879
1262,1841,1298,1841,1298,1880,1262,1880
1302,1841,1381,1841,1381,1880,1302,1880
1497,1841,1530,1841,1530,1877,1497,1877
926,1844,980,1844,980,1880,926,1880
1443,1844,1497,1844,1497,1880,1443,1880
217,1848,264,1848,264,1884,217,1884
376,1848,564,1848,564,1880,376,1880
567,1848,604,1848,604,1880,567,1880
658,1848,690,1848,690,1884,658,1884
694,1848,766,1848,766,1888,694,1888
770,1848,803,1848,803,1880,770,1880
806,1848,864,1848,864,1880,806,1880
868,1852,922,1852,922,1880,868,1880
984,1845,1061,1851,1059,1886,981,1880
1135,1848,1197,1848,1197,1880,1135,1880
1200,1848,1262,1848,1262,1880,1200,1880
1385,1848,1439,1848,1439,1884,1385,1884
325,1852,376,1852,376,1880,325,1880
220,1891,271,1891,271,1924,220,1924
274,1891,535,1891,535,1927,274,1927
539,1888,681,1892,680,1928,538,1924
683,1888,861,1892,860,1928,683,1924
859,1896,965,1889,967,1923,861,1930
965,1891,1121,1891,1121,1927,965,1927
1125,1894,1313,1898,1312,1928,1124,1924
217,1931,282,1931,282,1967,217,1967
378,1927,453,1937,448,1977,372,1967
740,1926,818,1937,813,1977,735,1966
1327,1931,1367,1931,1367,1967,1327,1967
1459,1926,1534,1937,1529,1977,1454,1966
290,1933,368,1940,364,1977,287,1969
459,1935,520,1935,520,1967,459,1967
531,1933,677,1938,676,1971,531,1967
824,1935,864,1935,864,1971,824,1971
875,1935,1063,1935,1063,1971,875,1971
1074,1935,1106,1935,1106,1971,1074,1971
1117,1935,1190,1935,1190,1974,1117,1974
1200,1935,1233,1935,1233,1967,1200,1967
1245,1931,1320,1939,1315,1977,1241,1969
1385,1935,1446,1935,1446,1967,1385,1967
687,1938,730,1938,730,1967,687,1967
219,1984,404,1979,405,2011,220,2015
484,1978,531,1978,531,2011,484,2011
536,1976,614,1984,610,2020,532,2012
611,1978,748,1978,748,2011,611,2011
828,1978,897,1978,897,2014,828,2014
951,1978,1001,1978,1001,2011,951,2011
1006,1975,1081,1982,1077,2020,1002,2013
1077,1978,1215,1978,1215,2011,1077,2011
1222,1982,1240,1982,1240,2011,1222,2011
1244,1978,1302,1978,1302,2018,1244,2018
408,1985,484,1985,484,2011,408,2011
755,1985,774,1985,774,2011,755,2011
777,1982,828,1982,828,2018,777,2018
904,1989,951,1989,951,2011,904,2011
278,2022,335,2016,339,2054,282,2059
336,2022,421,2014,425,2055,340,2063
1114,2018,1153,2018,1153,2054,1114,2054
473,2022,517,2022,517,2058,473,2058
796,2018,887,2023,885,2059,794,2054
1200,2022,1255,2022,1255,2058,1200,2058
1316,2022,1501,2022,1501,2058,1316,2058
1511,2025,1530,2025,1530,2054,1511,2054
220,2025,278,2025,278,2054,220,2054
430,2025,466,2025,466,2054,430,2054
524,2029,654,2029,654,2058,524,2058
665,2029,788,2029,788,2061,665,2061
893,2025,951,2025,951,2058,893,2058
958,2025,1027,2025,1027,2061,958,2061
1034,2025,1106,2025,1106,2061,1034,2061
1262,2025,1313,2025,1313,2054,1262,2054
1161,2032,1197,2032,1197,2058,1161,2058
1479,2061,1530,2061,1530,2101,1479,2101
354,2065,408,2065,408,2101,354,2101
410,2067,494,2062,496,2101,412,2106
868,2065,954,2065,954,2101,868,2101
1038,2065,1110,2065,1110,2105,1038,2105
1178,2067,1363,2062,1364,2101,1179,2106
217,2069,282,2069,282,2101,217,2101
292,2069,350,2069,350,2101,292,2101
499,2069,535,2069,535,2101,499,2101
538,2069,604,2069,604,2101,538,2101
611,2069,665,2069,665,2101,611,2101
670,2063,766,2073,762,2110,666,2101
770,2072,792,2072,792,2097,770,2097
799,2072,857,2072,857,2101,799,2101
959,2066,1033,2072,1030,2106,956,2101
1114,2069,1175,2069,1175,2101,1114,2101
1370,2069,1421,2069,1421,2101,1370,2101
1425,2069,1475,2069,1475,2101,1425,2101
215,2111,299,2106,301,2144,217,2149
585,2102,660,2117,653,2155,578,2140
763,2108,842,2108,842,2144,763,2144
1161,2112,1204,2112,1204,2144,1161,2144
303,2116,340,2116,340,2144,303,2144
343,2112,387,2112,387,2144,343,2144
387,2112,455,2112,455,2148,387,2148
455,2112,520,2112,520,2144,455,2144
524,2112,578,2112,578,2148,524,2148
708,2112,763,2112,763,2144,708,2144
846,2112,900,2112,900,2148,846,2148
905,2108,976,2116,972,2154,901,2146
1016,2116,1085,2116,1085,2144,1016,2144
1089,2109,1160,2115,1157,2150,1086,2144
661,2119,708,2119,708,2144,661,2144
980,2123,1012,2123,1012,2144,980,2144
