1192,224,1220,208,1302,351,1274,367
1167,236,1193,223,1221,279,1195,293
1143,252,1165,240,1211,326,1189,338
1113,266,1135,252,1171,309,1148,323
1084,274,1112,257,1160,335,1133,352
1065,288,1089,279,1108,329,1084,338
1205,288,1224,288,1224,303,1205,303
1037,303,1061,291,1111,391,1087,403
1206,310,1228,297,1275,376,1254,389
1158,313,1177,313,1177,338,1158,338
994,320,1023,304,1109,460,1080,476
967,335,993,321,1074,478,1047,492
1093,332,1116,325,1133,376,1110,384
1193,335,1215,323,1244,382,1222,393
1166,339,1188,330,1211,391,1189,399
944,345,968,335,1011,429,987,440
1127,342,1156,328,1200,413,1172,428
914,360,938,347,997,451,973,464
890,375,913,363,950,439,928,450
1118,386,1141,375,1197,487,1174,499
1221,389,1244,378,1311,512,1288,523
1258,385,1283,385,1283,419,1258,419
1193,397,1216,385,1239,430,1215,442
819,403,851,385,964,592,932,610
1094,402,1119,392,1153,477,1128,487
1426,417,1448,405,1497,498,1474,510
793,418,818,406,865,500,840,512
1270,426,1294,413,1341,501,1317,514
992,435,1015,423,1037,467,1014,479
1211,442,1232,430,1263,484,1242,496
902,463,926,453,953,516,929,526
970,466,998,452,1072,601,1045,615
1481,469,1528,450,1573,562,1526,581
1079,473,1106,458,1158,556,1131,571
1051,487,1077,476,1123,580,1097,591
1138,484,1163,472,1201,555,1175,566
1027,491,1049,484,1067,538,1046,545
1248,500,1272,490,1305,567,1281,578
1406,502,1433,488,1500,614,1473,629
807,508,831,497,870,582,845,593
846,511,870,499,910,584,886,596
1475,506,1496,497,1524,562,1503,572
1317,513,1342,502,1398,622,1373,633
1288,517,1310,506,1342,571,1321,582
777,525,805,511,874,650,847,664
935,524,958,513,991,581,969,592
745,541,771,526,829,621,803,636
523,549,554,533,603,631,572,646
1055,548,1079,539,1098,590,1074,599
716,555,740,542,819,683,796,696
1479,562,1501,556,1512,603,1491,608
1546,560,1584,560,1584,607,1546,607
690,568,710,556,765,650,744,661
1515,566,1534,566,1534,591,1515,591
1293,569,1311,569,1311,594,1293,594
662,583,690,569,769,727,741,740
1111,579,1124,579,1124,598,1111,598
967,591,991,579,1023,643,999,655
889,592,909,581,960,674,940,685
1327,593,1347,582,1369,622,1350,632
1299,597,1322,587,1360,671,1337,681
1515,593,1542,579,1581,650,1554,665
628,602,656,586,758,766,731,782
1081,601,1105,587,1173,710,1148,724
853,604,880,588,924,667,896,682
931,607,960,590,1056,759,1027,776
1124,601,1146,601,1146,616,1124,616
1058,604,1080,604,1080,632,1058,632
1501,606,1523,599,1538,645,1517,652
601,613,623,601,678,702,656,714
1567,616,1606,599,1664,729,1625,747
1119,621,1143,606,1185,671,1161,686
1471,626,1495,614,1528,679,1504,691
1338,631,1365,615,1403,676,1377,692
1065,634,1084,623,1119,687,1099,698
1382,631,1403,621,1424,662,1402,673
540,642,565,630,606,716,581,728
583,643,609,632,650,723,625,735
815,644,841,638,851,687,825,692
1522,650,1546,643,1561,690,1538,697
1001,652,1028,636,1062,696,1034,712
508,662,533,648,613,786,588,801
738,663,763,649,843,786,817,800
856,665,884,653,906,710,878,721
1561,671,1583,659,1631,747,1609,759
478,676,501,662,538,725,514,739
895,677,920,662,1080,940,1054,954
272,675,307,660,353,761,319,777
937,685,960,672,1035,807,1012,820
1503,686,1528,671,1653,894,1628,908
1164,687,1186,676,1222,747,1199,759
1381,686,1401,676,1429,732,1409,742
447,691,471,677,510,742,486,756
1414,690,1436,680,1467,747,1446,757
1093,697,1124,680,1176,774,1145,791
1353,694,1376,683,1411,753,1389,764
804,700,830,686,898,823,872,836
1551,703,1573,692,1621,789,1599,800
413,704,447,687,529,851,495,868
832,706,862,687,936,803,907,822
654,717,678,702,735,788,711,804
376,724,408,705,519,894,487,913
895,717,917,717,917,742,895,742
1150,731,1176,717,1227,811,1202,825
633,733,660,721,695,800,668,812
1415,732,1437,732,1437,764,1415,764
511,737,540,720,593,811,564,829
591,737,619,723,652,788,623,802
751,738,777,726,810,797,784,809
352,740,379,725,427,813,400,828
1638,747,1675,729,1720,821,1684,839
481,748,510,734,553,825,524,839
1449,756,1472,743,1532,851,1509,864
1611,753,1635,746,1648,793,1625,800
1390,765,1415,752,1478,878,1453,890
917,768,938,758,974,835,953,845
288,774,315,761,356,847,329,860
329,769,360,757,384,818,353,831
77,777,110,760,162,862,128,879
1430,780,1452,767,1508,863,1485,876
733,780,763,765,812,864,782,879
1145,788,1175,772,1229,870,1199,886
248,793,281,774,364,920,331,939
826,789,851,789,851,817,826,817
1629,795,1653,784,1683,849,1659,860
590,797,619,786,642,844,613,856
705,804,730,790,811,932,786,946
1228,801,1250,793,1271,845,1249,854
224,806,249,793,301,894,277,907
678,806,703,795,736,870,711,881
632,812,661,794,734,918,704,936
836,819,859,807,920,922,897,934
1020,810,1042,810,1042,836,1020,836
1201,821,1229,806,1269,881,1241,896
188,824,217,806,252,864,224,882
558,825,587,809,617,862,588,877
359,829,390,811,479,964,449,982
396,830,422,811,456,856,430,875
799,829,822,813,855,863,832,879
911,831,934,819,961,874,939,886
524,836,552,819,584,872,556,889
1026,837,1045,825,1076,877,1057,889
152,844,186,824,277,985,244,1005
878,842,902,827,954,907,930,923
958,847,978,836,1029,928,1009,939
611,853,638,835,703,939,675,956
1665,856,1685,846,1716,909,1696,919
1515,857,1537,857,1537,883,1515,883
341,870,370,856,405,926,376,940
507,871,537,854,576,922,547,939
591,871,612,858,634,895,612,907
427,867,458,854,493,937,462,950
94,878,120,864,164,951,137,964
135,876,165,860,201,927,171,943
225,880,247,868,279,927,258,939
712,876,742,859,826,1006,797,1023
789,878,812,865,838,907,815,921
833,882,858,868,906,953,880,967
941,877,961,866,985,909,964,920
1208,873,1230,873,1230,904,1208,904
1484,877,1503,865,1530,908,1511,920
560,879,580,869,599,907,579,917
1523,892,1544,880,1596,973,1575,985
56,895,88,876,171,1025,138,1043
1067,889,1086,889,1086,908,1067,908
1628,903,1647,892,1674,937,1655,948
1210,910,1240,891,1299,989,1268,1007
29,907,59,895,80,950,49,962
294,904,316,904,316,929,294,929
626,908,648,908,648,933,626,933
1512,911,1531,911,1531,926,1512,926
490,916,520,898,572,983,543,1001
1072,915,1094,903,1149,1005,1127,1017
813,919,838,906,882,994,857,1007
698,931,729,913,818,1060,786,1079
934,927,957,916,979,960,956,971
971,928,993,916,1043,1017,1021,1028
1512,929,1532,916,1563,963,1543,976
288,935,318,918,377,1017,348,1034
544,937,576,919,626,1008,593,1026
621,937,649,918,712,1014,685,1032
172,934,205,918,250,1014,217,1030
347,933,369,933,369,955,347,955
1008,943,1031,930,1107,1063,1084,1076
472,946,493,934,522,986,501,998
787,940,816,925,851,995,822,1010
5,946,38,929,113,1079,80,1096
384,945,415,927,537,1141,505,1158
1050,945,1079,930,1115,1004,1087,1018
685,945,701,945,701,964,685,964
49,962,80,942,161,1066,130,1087
350,960,379,943,437,1043,408,1060
695,961,732,961,732,1011,695,1011
1546,967,1562,967,1562,986,1546,986
149,974,177,960,211,1027,182,1042
961,975,984,963,1015,1018,992,1031
454,970,485,970,485,1005,454,1005
1584,980,1606,980,1606,1008,1584,1008
1548,990,1573,977,1644,1112,1620,1125
496,994,525,977,590,1087,562,1104
251,1002,281,986,318,1055,288,1071
548,1001,572,990,598,1048,573,1058
873,998,898,998,898,1036,873,1036
1592,1008,1611,999,1638,1053,1619,1062
468,1005,500,994,522,1055,490,1066
829,1010,853,997,921,1117,897,1131
907,1012,930,999,966,1059,942,1073
717,1017,741,1004,776,1070,753,1083
801,1023,826,1009,875,1097,850,1111
1096,1020,1120,1009,1156,1086,1132,1097
596,1022,627,1005,663,1072,632,1088
221,1030,248,1014,330,1157,304,1172
344,1031,372,1012,429,1097,401,1116
688,1029,712,1018,755,1108,731,1119
994,1039,1016,1026,1079,1131,1057,1144
1030,1036,1053,1023,1084,1075,1061,1088
153,1039,175,1039,175,1061,153,1061
881,1040,913,1024,968,1134,936,1150
1482,1042,1503,1034,1522,1080,1500,1089
188,1050,219,1032,298,1161,267,1179
407,1053,436,1038,486,1139,457,1153
157,1059,186,1045,225,1128,196,1142
504,1064,529,1052,572,1138,547,1151
578,1065,602,1052,650,1134,627,1148
285,1069,319,1050,369,1140,335,1158
1085,1079,1110,1063,1181,1176,1155,1192
1629,1079,1649,1066,1686,1130,1665,1142
745,1081,775,1063,849,1182,819,1201
129,1081,159,1066,199,1146,169,1161
949,1088,972,1074,1002,1124,979,1138
1509,1086,1531,1079,1548,1127,1525,1135
90,1091,119,1076,160,1153,131,1168
798,1094,830,1077,1053,1478,1021,1495
1074,1092,1095,1092,1095,1117,1074,1117
563,1098,593,1086,621,1155,591,1167
1139,1102,1168,1087,1235,1218,1206,1233
395,1110,424,1094,461,1159,432,1176
857,1105,879,1105,879,1127,857,1127
738,1108,770,1108,770,1149,738,1149
1631,1117,1650,1117,1650,1136,1631,1136
899,1132,922,1118,947,1161,924,1174
1083,1135,1107,1122,1150,1201,1127,1214
1533,1134,1555,1125,1576,1172,1553,1182
199,1143,226,1127,309,1270,282,1286
865,1138,888,1124,948,1229,926,1242
986,1130,1017,1130,1017,1167,986,1167
1633,1138,1652,1129,1670,1164,1651,1173
1672,1136,1690,1136,1690,1158,1672,1158
508,1149,534,1135,584,1223,558,1238
629,1143,660,1130,692,1210,661,1223
946,1147,969,1135,1025,1238,1002,1251
1067,1142,1086,1142,1086,1167,1067,1167
456,1151,487,1131,565,1253,534,1273
557,1146,585,1146,585,1171,557,1171
341,1153,371,1138,407,1208,377,1223
748,1154,776,1138,819,1210,792,1227
176,1159,198,1148,231,1209,210,1221
598,1161,628,1146,663,1216,633,1231
302,1166,331,1149,385,1238,356,1255
1676,1164,1698,1152,1724,1197,1701,1210
429,1173,455,1154,488,1198,463,1218
258,1175,291,1154,468,1444,434,1464
924,1174,948,1160,1000,1252,975,1266
1652,1171,1675,1161,1701,1222,1678,1232
562,1173,591,1157,654,1270,625,1286
1077,1179,1099,1166,1148,1252,1126,1264
1523,1178,1552,1166,1579,1225,1550,1238
141,1184,170,1166,205,1223,176,1241
1567,1186,1588,1178,1607,1230,1586,1238
1155,1195,1180,1181,1240,1289,1215,1302
816,1199,845,1184,911,1306,883,1322
1228,1196,1256,1180,1326,1302,1299,1317
1133,1202,1158,1202,1158,1227,1133,1227
466,1205,501,1205,501,1249,466,1249
219,1214,241,1214,241,1239,219,1239
676,1224,700,1212,727,1266,703,1278
796,1222,822,1208,904,1354,879,1369
553,1233,583,1216,624,1287,594,1304
1589,1233,1612,1224,1632,1280,1609,1289
185,1237,209,1229,227,1283,202,1291
1143,1245,1167,1231,1246,1367,1222,1381
228,1246,252,1233,284,1294,260,1307
1566,1250,1589,1241,1611,1297,1588,1306
478,1256,508,1237,567,1331,536,1350
1005,1254,1030,1241,1093,1361,1067,1374
977,1262,1004,1249,1049,1343,1022,1356
1053,1266,1077,1253,1139,1363,1114,1377
1136,1261,1161,1261,1161,1299,1136,1299
541,1261,573,1261,573,1302,541,1302
283,1282,307,1267,356,1348,333,1362
705,1281,734,1264,771,1328,741,1344
370,1281,400,1263,465,1372,436,1389
601,1286,638,1286,638,1337,601,1337
262,1306,289,1292,329,1367,302,1381
1227,1299,1249,1299,1249,1330,1227,1330
555,1305,588,1288,651,1415,618,1431
1152,1309,1176,1296,1232,1399,1207,1413
883,1311,913,1296,961,1386,931,1402
1304,1330,1333,1314,1401,1433,1372,1450
977,1339,1008,1321,1079,1447,1048,1464
1246,1333,1274,1333,1274,1368,1246,1368
618,1343,651,1325,753,1510,720,1528
538,1344,570,1329,615,1427,583,1442
751,1340,789,1340,789,1384,751,1384
243,1355,272,1339,312,1406,283,1423
329,1355,361,1339,421,1453,389,1469
883,1368,906,1358,929,1408,906,1418
1069,1376,1094,1362,1171,1498,1146,1513
1110,1375,1142,1358,1204,1481,1171,1497
1262,1379,1287,1365,1347,1473,1321,1487
306,1379,328,1368,360,1430,337,1442
1230,1390,1256,1377,1316,1496,1290,1509
768,1392,795,1376,828,1431,801,1447
936,1401,958,1389,984,1434,962,1446
903,1423,929,1408,1007,1543,981,1558
1221,1415,1249,1415,1249,1440,1221,1440
623,1422,648,1410,674,1461,649,1474
290,1433,319,1417,351,1475,322,1491
583,1436,614,1416,691,1540,660,1559
342,1438,366,1426,399,1499,375,1510
958,1441,982,1429,1027,1518,1003,1530
1232,1445,1253,1435,1289,1511,1268,1521
801,1450,830,1434,878,1518,849,1534
385,1464,415,1447,468,1540,438,1557
437,1469,470,1451,571,1629,539,1648
643,1474,672,1457,715,1529,686,1546
735,1475,767,1456,840,1580,808,1599
1054,1474,1085,1456,1155,1582,1124,1599
321,1490,352,1472,405,1562,374,1580
377,1507,405,1491,432,1539,404,1555
1153,1511,1179,1499,1209,1563,1183,1575
1007,1527,1033,1512,1103,1636,1077,1650
693,1541,717,1529,741,1576,717,1588
858,1542,882,1528,932,1618,908,1631
446,1550,470,1537,511,1612,487,1625
400,1556,426,1540,478,1629,452,1644
981,1559,1002,1542,1033,1579,1013,1597
658,1562,679,1545,711,1582,690,1600
548,1585,581,1565,658,1693,625,1713
708,1592,740,1572,810,1680,779,1701
1004,1593,1033,1576,1076,1651,1047,1667
678,1598,709,1578,781,1695,751,1714
813,1610,844,1590,919,1714,887,1733
489,1624,514,1611,576,1727,552,1740
914,1628,951,1628,951,1672,914,1672
457,1639,479,1627,525,1707,503,1720
417,1646,442,1631,506,1745,480,1759
938,1681,958,1669,983,1710,962,1722
780,1694,808,1678,839,1733,811,1749
755,1712,776,1701,814,1771,793,1783
500,1716,531,1699,595,1811,564,1829
634,1727,665,1708,739,1830,708,1849
553,1737,581,1720,683,1890,655,1907
820,1734,857,1734,857,1791,820,1791
475,1765,508,1743,574,1844,540,1866
795,1769,826,1769,826,1809,795,1809
1369,1820,1394,1810,1417,1866,1391,1876
